'data.frame':	334 obs. of  16 variables:
 $ HW1: num  100 85 87.5 92.5 32.5 75 90 92.5 82.5 75 ...
 $ HW2: num  100 95 100 100 NA 85 100 95 85 95 ...
 $ HW3: num  100 100 85 100 65 92.5 97.5 100 92.5 95 ...
 $ HW4: num  100 95 70 100 60 95 95 90 70 95 ...
 $ HW5: num  100 95 100 96.2 NA ...
 $ HW6: num  100 95 98 99 46 91 80 72 NA 96 ...
 $ HW7: num  100 100 NA 100 NA NA 52 95 84 NA ...
 $ HW8: num  100 100 80 92.5 NA NA 90 74.5 90 100 ...
 $ HW9: num  100 100 NA 95 NA 90 90 100 95 98 ...
 $ ATT: int  12 12 7 12 5 9 12 12 12 12 ...
 $ QZ1: num  12 11 10 8 5 11 11 10 11 7 ...
 $ QZ2: int  18 16 10 16 9 17 9 8 18 10 ...
 $ QZ3: num  20 18 10 13 NA NA 15 12 14 13 ...
 $ QZ4: int  20 19 NA 13 NA 15 18 13 19 16 ...
 $ EX1: num  80 57.6 56.8 69.6 40 73.6 78.4 52 80 63.2 ...
 $ EX2: num  90 74.7 54.9 58 16.2 ...
    minimum percent10 quartile1 median      mean     stdev quartile3 percent90
HW1     0.0    62.500    75.000  85.00 81.432308 15.990787     92.50    95.000
HW2     0.0    70.000    80.500  95.00 88.234076 15.944998    100.00   100.000
HW3     0.0    77.500    87.500  95.00 90.999690 13.967599    100.00   100.000
HW4     0.0    60.500    77.500  90.00 84.602564 18.389779    100.00   100.000
HW5     0.0    76.750    90.000  96.25 92.126984 13.929337    100.00   100.000
HW6     0.0    72.000    86.000  94.00 87.990415 18.564766     99.00   100.000
HW7     0.0    65.000    80.625  92.00 85.918301 19.743640    100.00   100.000
HW8     0.0    68.000    80.000  90.00 86.081470 18.760439    100.00   100.000
HW9     0.0    70.000    80.000  90.00 86.902244 15.742683    100.00   100.000
ATT     3.0    10.000    11.000  12.00 11.401198  1.380081     12.00    12.000
QZ1     0.0     6.000     8.000  10.00  9.453453  2.244826     11.00    12.000
QZ2     0.0     7.000    10.000  13.00 12.619195  4.176301     16.00    18.000
QZ3     0.0     7.000    11.000  14.00 13.070064  4.093343     16.00    18.000
QZ4     0.0    10.000    14.000  17.00 15.971429  4.224113     19.00    20.000
EX1    14.4    42.400    55.200  64.00 60.731018 12.705758     69.60    74.960
EX2    12.6    41.085    56.700  66.60 63.990269 15.723502     75.15    80.415
    maximum range missing
HW1     100 100.0       9
HW2     100 100.0      20
HW3     100 100.0      11
HW4     100 100.0      22
HW5     100 100.0      19
HW6     100 100.0      21
HW7     100 100.0      28
HW8     100 100.0      21
HW9     100 100.0      22
ATT      12   9.0       0
QZ1      12  12.0       1
QZ2      18  18.0      11
QZ3      20  20.0      20
QZ4      20  20.0      19
EX1      80  65.6       0
EX2      90  77.4       0
