    HW1 HW2   HW3 HW4    HW5 HW6 HW7   HW8 HW9 ATT QZ1 QZ2 QZ3 QZ4  EX1
1 100.0 100 100.0 100 100.00 100 100 100.0 100  12  12  18  20  20 80.0
2  85.0  95 100.0  95  95.00  95 100 100.0 100  12  11  16  18  19 57.6
3  87.5 100  85.0  70 100.00  98   0  80.0   0   7  10  10  10   0 56.8
4  92.5 100 100.0 100  96.25  99 100  92.5  95  12   8  16  13  13 69.6
5  32.5   0  65.0  60   0.00  46   0   0.0   0   5   5   9   0   0 40.0
6  75.0  85  92.5  95 100.00  91   0   0.0  90   9  11  17   0  15 73.6
    EX2
1 90.00
2 74.70
3 54.90
4 58.05
5 16.20
6 71.10
